Solution 
Temps d'execution: 0.13831639289855957 secondes 
Temps d'execution cpu: 0.125 secondes 
Heuristique: 1
Recursivite: 1461
Branche clause: 727
Nombre de solution: 4
##############################

Solution 1
 -------------------------
 | 0 | 1 | 0 | 0 | 0 | 0 |
 -------------------------
 | 0 | 0 | 0 | 1 | 0 | 0 |
 -------------------------
 | 0 | 0 | 0 | 0 | 0 | 1 |
 -------------------------
 | 1 | 0 | 0 | 0 | 0 | 0 |
 -------------------------
 | 0 | 0 | 1 | 0 | 0 | 0 |
 -------------------------
 | 0 | 0 | 0 | 0 | 1 | 0 |

Solution 2
 -------------------------
 | 0 | 0 | 1 | 0 | 0 | 0 |
 -------------------------
 | 0 | 0 | 0 | 0 | 0 | 1 |
 -------------------------
 | 0 | 1 | 0 | 0 | 0 | 0 |
 -------------------------
 | 0 | 0 | 0 | 0 | 1 | 0 |
 -------------------------
 | 1 | 0 | 0 | 0 | 0 | 0 |
 -------------------------
 | 0 | 0 | 0 | 1 | 0 | 0 |

Solution 3
 -------------------------
 | 0 | 0 | 0 | 1 | 0 | 0 |
 -------------------------
 | 1 | 0 | 0 | 0 | 0 | 0 |
 -------------------------
 | 0 | 0 | 0 | 0 | 1 | 0 |
 -------------------------
 | 0 | 1 | 0 | 0 | 0 | 0 |
 -------------------------
 | 0 | 0 | 0 | 0 | 0 | 1 |
 -------------------------
 | 0 | 0 | 1 | 0 | 0 | 0 |

Solution 4
 -------------------------
 | 0 | 0 | 0 | 0 | 1 | 0 |
 -------------------------
 | 0 | 0 | 1 | 0 | 0 | 0 |
 -------------------------
 | 1 | 0 | 0 | 0 | 0 | 0 |
 -------------------------
 | 0 | 0 | 0 | 0 | 0 | 1 |
 -------------------------
 | 0 | 0 | 0 | 1 | 0 | 0 |
 -------------------------
 | 0 | 1 | 0 | 0 | 0 | 0 |

